1.31154
1.31155
1.31159
1.31165
1.31174
1.31186
1.31201
1.31218
1.31239
1.31262
1.31289
1.31319
1.31352
1.31388
1.31428
1.31472
1.31518
1.31569
1.31623
1.31681
1.31742
1.31807
1.31877
1.3195
1.32027
1.32107
1.32192
1.32281
1.32374
1.32472
1.32573
1.32678
1.32788
1.32901
1.33019
1.33141
1.33267
1.33397
1.33531
1.33669
1.33811
1.33957
1.34108
1.34262
1.3442
1.34581
1.34747
1.34916
1.35088
1.35264
1.35444
1.35627
1.35813
1.36003
1.36195
1.3639
1.36589
1.3679
1.36993
1.37199
1.37408
1.37619
1.37831
1.38046
1.38263
1.38481
1.38701
1.38923
1.39145
1.39369
1.39594
1.3982
1.40046
1.40273
1.40501
1.40728
1.40956
1.41184
1.41412
1.41639
1.41866
1.42093
1.42318
1.42543
1.42767
1.4299
1.43212
1.43432
1.43651
1.43869
1.44085
1.44299
1.44511
1.44721
1.44929
1.45135
1.45339
1.45541
1.4574
1.45937
1.46131
1.46322
1.46511
1.46698
1.46881
1.47062
1.4724
1.47416
1.47588
1.47757
1.47924
1.48087
1.48248
1.48406
1.4856
1.48712
1.4886
1.49006
1.49148
1.49288
1.49425
1.49558
1.49689
1.49817
1.49941
1.50063
1.50182
1.50298
1.50412
1.50522
1.5063
1.50735
1.50837
1.50937
1.51033
1.51128
1.51219
1.51309
1.51395
1.51479
1.51561
1.5164
1.51717
1.51792
1.51864
1.51934
1.52002
1.52068
1.52132
1.52193
1.52253
1.5231
1.52366
1.52419
1.52471
1.52521
1.52569
1.52616
1.5266
1.52703
1.52744
1.52784
1.52822
1.52859
1.52894
1.52928
1.5296
1.52991
1.5302
1.53048
1.53075
1.531
1.53125
1.53148
1.5317
1.5319
1.5321
1.53229
1.53246
1.53263
1.53278
1.53293
1.53306
1.53319
1.5333
1.53341
1.53351
1.5336
1.53369
1.53376
1.53383
1.53389
1.53394
1.53399
1.53403
1.53406
1.53409
1.53411
1.53413
1.53413
1.53414
